235
10
12
655
201
976
250
266
993
133
976
512
294
530
491
168
979
561
891
985
827
274
326
69
700
142
672
887
949
159
712
654
190
706
502
214
871
2
161
687
969
546
885
340
944
655
201
131
442
88
615
764
545
891
756
55
172
325
735
198
964
165
982
245
378
261
716
698
934
934
999
988
634
640
982
820
740
235
64
362
595
180
136
22
17
991
892
508
495
958
468
675
782
139
703
338
681
488
825
183

256
386
814
280
569
592
802
854
969
364
299
162
338
90
508
824
68
738
183
985
373
179
400
944
559
967
755
193
142
786
330
124
468
220
647
359
867
894
907
705
7
785
616
507
974
58
273
505
732
393
732
158
671
993
281
166
244
274
387
772
316
778
543
772
398
242
453
211
706
12
290
578
447
43
423
138
354
450
922
737
509
495
216
138
175
113
595
435
165
235
373
784
677
237
586
885
514
624
395
440
473
615
780
709
143
469
995
371
237
257
395
787
257
822
661
681
282
807
234
324
279
904
680
607
605
63
166
274
500
585
405
914
580
89
333
164
25
4
105
962
320
224
40
924
813
787
217
976
635
823
762
580
983
899
45
791
121
181
608
199
831
915
15
654
584
360
616
310
82
860
243
251
281
85
292
696
557
441
294
113
398
638
102
935
295
104
113
755
540
161
859
138
969
920
685
46
944
208
730
765
270
240
214
274
147
91
164
738
733
718
474
169
800
671
867
491
316
349
881
246
794
498
404
28
436
468
268
7
689
115
423
429
961
662
847
387
83
294
43
878
161
484
344
476
884
94
260
129
58
764
840
406
776
401
159
915
93
165
743
301
958
863
962
523
735
696
313
746
164
507
430
881
645
592
581
687
959
608
679
344
13
242
978
118
530
196
808
731
425
966
553
381
27
112
856
579
300
187
976
876
435
581
561
191
476
278
891
436
180
695
349
793
632
291
771
785
227
182
106
512
426
930
160
865
101
728
877
856
460
427
440
515
787
72
40
907
932
906
848
560
423
666
149
443
545
211
495
933
159
851
585
588
397
766
135
543
415
405
820
302
970
211
365
668
768
56
990
761
863
527
950
688
125
58
161
503
387
317
178
581
234
520
451
510
854
750
403
177
685
962
682
402
628
505
412
988
31
738
382
691
322
267
142
690
597
878
364
129
22
353
205
897
960
874
400
345
549
278
612
108
291
219
992
300
335
783
133
891
209
945
206
618
855
490
744
696
398
327
548
504
426
22
769
72
151
371
230
457
424
990
205
296
101
570
243
248
298
492
100
529
705
606
620
881
26
215
992
269
833
897
379
981
709
319
229
10
737
633
293
252
220
941
143
988
947
268
800
682
125
390
62
468
959
979
517
52
614
935
556
117
594
384
86
354
35
79
221
811
843
441
232
700
490
529
333
68
841
660
26
503
902
809
357
936
398
915
316
263
41
68
903
563
710
495
369
612
607
346
629
959
648
791
332
271
425
445
109
172
371
72
574
147
303
377
871
42
90
643
158
710
957
300
828
11
520
876
351
583
886
501
113
531
28
878
549
871
140
550
513
9
102
266
895
442
949
443
854
293
943
359
454
317
702
194
777
106
549
176
940
855
660
130
333
307
492
819
262
570
582
342
575
511
613
518
298
392
596
505
728
694
186
946
721
328
762
874
57
395
983
354
277
16
517
7
893
18
642
930
716
746
404
59
570
49
284
713
906
801
160
833
439
312
566
929
66
706
803
336
663
83
700
716
350
390
636
214
53
332
941
870
586
612
626
903
453
75
720
975
204
585
212
622
929
480
127
720
550
169
239
176
73
4
415
250
882
516
223
325
329
198
230
756
772
444
251
368
286
642
563
620
724
979
677
636
377
337
946
114
313
727
480
782
514
45
805
538
150
240
256
839
917
755
915
8
432
366
805
521
640
233
252
67
445
269
519
207
850
23
609
660
870
810
378
815
854
648
456
702
717
4
644
265
245
959
311
589
527
86
706
662
535
532
564
649
563
929
742
251
570
30
787
218
473
540
291
334
152
193
311
2
692
830
526
757
941
183
942
984
568
703
903
964
711
152
705
433
563
532
341
589
444
668
113
279
639
650
973
327
998
580
763
356
422
960
908
513
42
118
604
733
676
359
359
997
132
240
886
312
65
363
906
207
756
458
297
944
148
848
637
182
395
326
609
254
192
599
104
607
726
65
542
591
330
600
616
951
474
865
495
386
752
200
407
551
829
710
598
304
803
874
303
447
251
571
710
556
5
559
95
701
14
707
223
955
244
352
260
156
5